>Epoch=16578 l_rate=0.2 error=0.010000165768768743205
Target error reached error 0.0099994013953505836434
f(0.0): 0.9897
f(0.1): 0.9890
f(0.2): 0.9848
f(0.3): 0.9757
f(0.4): 0.9600
f(0.5): 0.9366
f(0.6): 0.9087
f(0.7): 0.8771
f(0.8): 0.8446
f(0.9): 0.8091
f(1.0): 0.7711
f(1.1): 0.7258
f(1.2): 0.6800
f(1.3): 0.6339
f(1.4): 0.5863
f(1.5): 0.5371
f(1.6): 0.4856
f(1.7): 0.4349
f(1.8): 0.3845
f(1.9): 0.3361
f(2.0): 0.2901
f(2.1): 0.2470
f(2.2): 0.2061
f(2.3): 0.1676
f(2.4): 0.1319
f(2.5): 0.0988
f(2.6): 0.0692
f(2.7): 0.0445
f(2.8): 0.0264
f(2.9): 0.0151
f(3.0): 0.0093
f(3.1): 0.0070
f(3.2): 0.0070
f(3.3): 0.0094
f(3.4): 0.0159
f(3.5): 0.0294
f(3.6): 0.0512
f(3.7): 0.0790
f(3.8): 0.1090
f(3.9): 0.1399
f(4.0): 0.1737
f(4.1): 0.2126
f(4.2): 0.2566
f(4.3): 0.3027
f(4.4): 0.3490
f(4.5): 0.3965
f(4.6): 0.4465
f(4.7): 0.4970
f(4.8): 0.5455
f(4.9): 0.5935
f(5.0): 0.6429
f(5.1): 0.6916
f(5.2): 0.7366
f(5.3): 0.7782
f(5.4): 0.8184
f(5.5): 0.8568
f(5.6): 0.8913
f(5.7): 0.9206
f(5.8): 0.9449
f(5.9): 0.9642
f(6.0): 0.9777
f(6.1): 0.9856
f(6.2): 0.9893
f(6.3): 0.9901
f(6.4): 0.9879
f(6.5): 0.9818
f(6.6): 0.9704
f(6.7): 0.9531
f(6.8): 0.9304
f(6.9): 0.9038
f(7.0): 0.8744
f(7.1): 0.8417
f(7.2): 0.8052
f(7.3): 0.7652
f(7.4): 0.7229
f(7.5): 0.6789
f(7.6): 0.6331
f(7.7): 0.5854
f(7.8): 0.5362
f(7.9): 0.4859
f(8.0): 0.4354
f(8.1): 0.3857
f(8.2): 0.3376
f(8.3): 0.2916
f(8.4): 0.2481
f(8.5): 0.2071
f(8.6): 0.1689
f(8.7): 0.1331
f(8.8): 0.0998
f(8.9): 0.0700
f(9.0): 0.0452
f(9.1): 0.0268
f(9.2): 0.0154
f(9.3): 0.0094
f(9.4): 0.0070
f(9.5): 0.0069
f(9.6): 0.0093
f(9.7): 0.0156
f(9.8): 0.0289
f(9.9): 0.0504
f(10.0): 0.0781
f(10.1): 0.1080
f(10.2): 0.1389
f(10.3): 0.1726
f(10.4): 0.2113
f(10.5): 0.2551
f(10.6): 0.3013
f(10.7): 0.3475
f(10.8): 0.3950
f(10.9): 0.4450
f(11.0): 0.4955
f(11.1): 0.5440
f(11.2): 0.5920
f(11.3): 0.6413
f(11.4): 0.6901
f(11.5): 0.7352
f(11.6): 0.7769
f(11.7): 0.8171
f(11.8): 0.8556
f(11.9): 0.8903
f(12.0): 0.9197
f(12.1): 0.9442
f(12.2): 0.9637
f(12.3): 0.9774
f(12.4): 0.9854
f(12.5): 0.9893
f(12.6): 0.9901
f(12.7): 0.9880
f(12.8): 0.9821
f(12.9): 0.9709
f(13.0): 0.9537
f(13.1): 0.9312
f(13.2): 0.9047
f(13.3): 0.8753
f(13.4): 0.8428
f(13.5): 0.8064
f(13.6): 0.7665
f(13.7): 0.7242
f(13.8): 0.6803
f(13.9): 0.6345
f(14.0): 0.5869
f(14.1): 0.5377
f(14.2): 0.4874
f(14.3): 0.4369
f(14.4): 0.3872
f(14.5): 0.3391
f(14.6): 0.2930
f(14.7): 0.2494
f(14.8): 0.2084
f(14.9): 0.1700
f(15.0): 0.1341
f(15.1): 0.1008
f(15.2): 0.0709
f(15.3): 0.0458
f(15.4): 0.0273
f(15.5): 0.0156
f(15.6): 0.0096
f(15.7): 0.0071
f(15.8): 0.0069
f(15.9): 0.0091
f(16.0): 0.0153
f(16.1): 0.0283
f(16.2): 0.0497
f(16.3): 0.0772
f(16.4): 0.1071
f(16.5): 0.1379
f(16.6): 0.1715
f(16.7): 0.2101
f(16.8): 0.2537
f(16.9): 0.2998
f(17.0): 0.3461
f(17.1): 0.3935
f(17.2): 0.4434
f(17.3): 0.4939
f(17.4): 0.5425
f(17.5): 0.5905
f(17.6): 0.6398
f(17.7): 0.6887
f(17.8): 0.7339
f(17.9): 0.7757
f(18.0): 0.8159
f(18.1): 0.8545
f(18.2): 0.8892
f(18.3): 0.9189
f(18.4): 0.9435
f(18.5): 0.9632
f(18.6): 0.9770
f(18.7): 0.9852
f(18.8): 0.9892
f(18.9): 0.9901
f(19.0): 0.9881
f(19.1): 0.9823
f(19.2): 0.9713
f(19.3): 0.9544
f(19.4): 0.9320
f(19.5): 0.9056
f(19.6): 0.8763
f(19.7): 0.8438
f(19.8): 0.8076
f(19.9): 0.7678
(base) PS C:\Users\Jamie\My Drive\Spring 23 Semester\CS 471\Generative-Neural-Network>